.::: Initializing geometry structure
Lattice was initialized
CommonPrms instance  was created
SiteIndex was initialized
Reading gauge configuration from ./Test/conf_04040408.txt
U[0]=0.0812206+I-0.288626
read successful
phi,size,norm: 73728 156.823
psi,size,norm: 73728 156.473
.::: Test Dirac_optimalDomainWall.mult(f)
dphi.norm: 525.865
Time for 100 calls : 0.87
.::: Test Dirac_optimalDomainWall.mult_dag(f)
dphi.norm: 525.77
Time for 100 calls : 0.97
.::: Test Dirac_optimalDomainWall gamma5 hermiticity  vdiff = ( G5 D G5 - D.hc ) psi 
(g5 d g5 v) norm: 523.4822999188389
dhc v  norm: 523.4822999188389
Difference norm: 5.039405029074897e-14
Time for 100 calls : 1.08
Dirac = 0 Color = 0
BiCGStab solver start
b.norm()=17.85240461454183
solve_init  init:  1.366139351458955e+04
     0   1.913629445010586e+02
     1   1.468284823594206e+01
     2   2.092473334086523e+00
     3   4.220293545515867e-01
     4   1.084641848847274e-01
     5   3.289340594461636e-02
     6   1.117505130297940e-02
     7   4.072742531298724e-03
     8   1.622165462569239e-03
     9   7.292001560742911e-04
    10   3.693243518050447e-04
    11   2.095861151115100e-04
    12   1.343221394599583e-04
    13   9.625691468653278e-05
    14   7.417726416609193e-05
    15   6.002481264021116e-05
    16   4.990509875212358e-05
    17   4.175458458419236e-05
    18   3.456340809354226e-05
    19   2.778042911915125e-05
    20   2.129852925119018e-05
    21   1.571061079983824e-05
    22   1.147866134610806e-05
    23   8.526705161439092e-06
    24   6.660991316042625e-06
    25   5.501800485508188e-06
    26   4.724400038924907e-06
    27   4.148580316727563e-06
    28   3.700403366764791e-06
    29   3.316348312400127e-06
    30   2.959020083846833e-06
    31   2.618037297078023e-06
    32   2.278470275829979e-06
    33   1.993035347789404e-06
    34   1.674722467180339e-06
    35   1.550769235572735e-06
    36   2.027456642520074e-06
    37   1.290359383523899e-06
    38   1.213363000388038e-06
    39   1.088405407138194e-06
    40   9.924257678255630e-07
    41   2.210606706156032e-06
    42   7.889051684268980e-07
    43   7.372869595992188e-07
    44   7.321381575635438e-07
    45   6.895659713342411e-07
    46   6.138524929215896e-07
    47   5.904038057574523e-07
    48   5.845871199611254e-07
    49   5.686421127831296e-07
    50   4.532879561637669e-07
    51   4.668508045347426e-07
    52   4.492383965774112e-07
    53   3.752301942222433e-07
    54   3.620380541717122e-07
    55   3.341080726459733e-07
    56   2.613507918699168e-07
    57   2.605831126497421e-07
    58   2.456337293119597e-07
    59   2.333860431058908e-07
    60   2.173271912502963e-07
    61   1.918953104606769e-07
    62   1.537257740921596e-07
    63   1.365050276031486e-07
    64   3.276471794966593e-07
    65   1.256050821338445e-07
    66   1.069257793386827e-07
    67   9.350840395595627e-08
    68   8.345734045449754e-08
    69   6.859389945343634e-08
    70   4.921189518043762e-08
    71   4.446394413233211e-08
    72   4.280268862379032e-08
    73   3.483298108443881e-08
    74   3.317413427782715e-08
    75   2.762107408302362e-08
    76   2.765539469846258e-08
    77   2.517067283877371e-08
    78   2.275933292611976e-08
    79   2.074395939624673e-08
    80   1.853896062852737e-08
    81   1.532405004085191e-08
    82   1.662913888085979e-08
    83   1.611055943724897e-08
    84   1.329146997427470e-08
    85   1.316798509704385e-08
    86   1.296169203318398e-08
    87   1.156874976973415e-08
    88   1.121499775214956e-08
    89   1.009480304183506e-08
    90   9.880127231220578e-09
    91   1.008148930404360e-08
    92   8.665878089237444e-09
    93   8.737294767333928e-09
    94   8.655401476298535e-09
    95   8.215161085045272e-09
    96   8.072111017516805e-09
    97   7.928381076034853e-09
    98   7.733189975698729e-09
    99   7.685510648705395e-09
   100   1.281037469190706e-08
   101   7.045247724009178e-09
   102   6.993225266504032e-09
   103   6.938999470296490e-09
   104   6.878308120669445e-09
   105   6.861835940011354e-09
   106   6.837685099729476e-09
   107   6.819864056354280e-09
   108   6.797195726361229e-09
   109   6.788081141136059e-09
   110   6.772134714270049e-09
   111   6.762633693403417e-09
   112   6.752535297168558e-09
   113   6.734813895119449e-09
   114   6.727030032918661e-09
   115   6.655263696034662e-09
   116   6.616995828094933e-09
   117   6.566780407455719e-09
   118   6.537397176365710e-09
   119   6.491525170399886e-09
   120   6.487018438920699e-09
   121   6.468439410308036e-09
   122   6.415188283160602e-09
   123   6.439487044658324e-09
   124   6.420724657094918e-09
   125   6.403518985249659e-09
   126   6.385494690246652e-09
   127   6.368526674464344e-09
   128   6.341193522668570e-09
   129   6.320729304029315e-09
   130   6.287864625196503e-09
   131   6.273503521415996e-09
   132   6.330495443996614e-09
   133   6.218928453536378e-09
   134   6.207832698698297e-09
   135   6.312476693907081e-09
   136   6.123535525608866e-09
   137   6.079049603345968e-09
   138   5.994812016838322e-09
   139   5.987195744159245e-09
   140   5.957744896233389e-09
   141   5.844972318138855e-09
   142   5.773151462410585e-09
   143   5.593283813174575e-09
   144   5.647463819695418e-09
   145   5.558449125462395e-09
   146   5.423726985883948e-09
   147   5.276599266272833e-09
   148   5.102313167856436e-09
   149   5.102436283127544e-09
   150   4.920378816258909e-09
   151   4.606522061590449e-09
   152   4.609419385437031e-09
   153   4.555087127696195e-09
   154   4.217178463673018e-09
   155   3.981206503778583e-09
   156   3.817711333557697e-09
   157   3.458789596560084e-09
   158   3.554375416083540e-09
   159   3.053326887719633e-09
   160   2.917130263731288e-09
   161   2.579563987498319e-09
   162   2.447258689128626e-09
   163   2.140642756598566e-09
   164   2.042613021008579e-09
   165   5.328329336168778e-09
   166   1.755623410803951e-09
   167   1.616612898288317e-09
   168   1.388403784360275e-09
   169   1.307113834937954e-09
   170   5.743017678238248e-10
   171   1.046425150210359e-09
   172   1.033791694311408e-09
   173   8.578448710295728e-10
   174   8.159549634995229e-10
   175   5.173097507951007e-10
   176   6.396152133239660e-10
   177   6.024181543157652e-10
   178   4.998326837751189e-10
   179   5.063213323155778e-10
   180   4.322773672275336e-10
   181   3.938166251374730e-10
   182   3.572028946730277e-10
   183   3.269611400498014e-10
   184   2.869608261322429e-10
   185   2.869483264926367e-10
   186   2.479354552909889e-10
   187   2.341453090858114e-10
   188   1.957524351687258e-10
   189   1.947602859667585e-10
   190   1.352371329732985e-09
   191   1.551136973171672e-10
   192   1.452033801346440e-10
   193   1.093197985626176e-10
   194   1.201734373032710e-10
   195   1.114444576051091e-10
   196   9.657501779052738e-11
   197   9.708453069491366e-11
   198   8.778415966653585e-11
   199   7.913587838727285e-11
   200   7.142805435721329e-11
   201   6.607994727740533e-11
   202   5.963029060172441e-11
   203   5.492152100085532e-11
   204   4.911931113384209e-11
   205   4.206922677423608e-11
   206   3.928693660290294e-11
   207   3.941643546656862e-11
   208   3.362892827927116e-11
   209   3.171493373520534e-11
   210   3.166369267390577e-11
   211   3.085518684461011e-11
   212   2.666435484094629e-11
   213   2.469767442133236e-11
   214   2.347197863217873e-11
   215   2.031889937024804e-11
   216   2.582936488240166e-11
   217   2.013501817025529e-11
   218   1.665117045008312e-11
   219   1.597808485432953e-11
   220   1.427755139726755e-11
   221   1.351929523133536e-11
   222   1.215247948178425e-11
   223   1.140168865703583e-11
   224   9.902806429185136e-12
   225   8.858703335620664e-12
   226   8.940659850071543e-12
   227   6.681443808681522e-12
   228   5.088773870218499e-12
   229   5.913112208260213e-12
   230   4.870969122539571e-12
   231   4.862489591355137e-12
   232   3.640410158436446e-12
   233   3.557924266708537e-12
   234   3.548848701686783e-12
   235   2.702844174543096e-12
   236   2.248888312679713e-12
   237   1.844930764690191e-12
   238   1.596503213632760e-12
   239   1.541373562841492e-12
   240   1.315199394085828e-12
   241   1.243922165980643e-12
   242   1.147400535849528e-12
   243   1.080471134216869e-12
   244   1.038113117081094e-12
   245   9.965870415966346e-13
   246   9.655314280328582e-13
   247   9.379163080295737e-13
   248   9.078627319070472e-13
   249   8.976341976608382e-13
   250   8.765972283369915e-13
   251   8.772617062007020e-13
   252   8.683474650278069e-13
   253   8.683034227865104e-13
   254   8.651247031182237e-13
   255   8.627526108508196e-13
   256   8.602629896715350e-13
   257   8.591943940034892e-13
   258   8.574346863185389e-13
   259   8.563879051447607e-13
   260   8.551214540306538e-13
   261   8.541784881171760e-13
   262   8.525058804343799e-13
   263   8.305291365371781e-13
   264   8.099151499171252e-13
   265   8.078024692118513e-13
   266   8.077047420890297e-13
   267   8.056534524963984e-13
   268   8.058309988741130e-13
   269   8.047484487408900e-13
   270   8.039316951036143e-13
   271   8.062463001407624e-13
   272   8.024546447374845e-13
   273   8.017092241234711e-13
   274   8.003485229930462e-13
   275   7.973491883356800e-13
   276   7.944693222897136e-13
   277   7.933880611762076e-13
   278   7.941307256958402e-13
   279   7.915569475491788e-13
   280   7.904922839637378e-13
   281   7.892160678075138e-13
   282   7.883649751307002e-13
   283   7.859628533278429e-13
   284   7.833245706458473e-13
   285   7.823853646216757e-13
   286   7.812483993220740e-13
   287   7.802404155912626e-13
   288   7.794481909103338e-13
   289   7.783188826152751e-13
   290   7.772014962149455e-13
   291   7.818528479387338e-13
   292   7.807082822681310e-13
   293   7.694630258140236e-13
   294   7.651734618111478e-13
   295   7.636170761443552e-13
   296   7.608937309704140e-13
   297   7.608547332340175e-13
   298   7.572700506524030e-13
   299   7.557704089632920e-13
   300   7.504618972209341e-13
   301   7.513275153044519e-13
   302   7.504197651917071e-13
   303   7.460749073537295e-13
   304   7.406841708745618e-13
   305   7.407687839307556e-13
   306   7.475947489075621e-13
   307   7.371875083773285e-13
   308   7.340299902910121e-13
   309   7.285127106647411e-13
   310   7.267244797465333e-13
   311   7.202307535453036e-13
   312   7.200886062999687e-13
   313   7.190480695595819e-13
   314   7.086625109091887e-13
   315   7.017413435954553e-13
   316   6.974539879249413e-13
   317   6.920256385196198e-13
   318   6.884906043936749e-13
   319   6.786867849143685e-13
   320   6.776093778283549e-13
   321   6.784911920804254e-13
   322   6.650494355475833e-13
   323   6.607441206192096e-13
   324   6.458470899606960e-13
   325   6.455612173866262e-13
   326   6.267947100370757e-13
   327   6.217433743629353e-13
   328   6.717603024330983e-13
   329   5.964204330339207e-13
   330   5.886053499072067e-13
   331   5.606246208801745e-13
   332   5.691905836393480e-13
   333   5.129096953767394e-13
   334   5.099753375586540e-13
   335   4.753451680850901e-13
   336   4.565780329120239e-13
   337   9.274052151578061e-13
   338   3.996041164938797e-13
   339   3.656022736106298e-13
   340   3.372227965758241e-13
   341   7.796947460717921e-14
   342   2.897037222544391e-13
   343   2.607644788093058e-13
   344   2.291638566249062e-13
   345   1.940078230790271e-13
   346   1.235172096555137e-13
   347   1.559921318745273e-13
   348   1.249645095242610e-13
   349   1.091795127281788e-13
   350   8.355596728126015e-14
   351   7.411843427576706e-14
   352   4.469868793018760e-14
   353   4.735203999530427e-14
   354   6.932538079429447e-14
   355   3.256145505263106e-14
   356   2.865573580876023e-14
   357   3.396358406449921e-14
   358   2.003927558486064e-14
   359   1.747348122626120e-14
   360   1.084357151712757e-14
   361   1.095148997271584e-14
   362   6.665474446383042e-15
   363   5.886689446060674e-15
   364   4.331792345491081e-15
   365   3.764955264159423e-15
   366   3.990729267586993e-15
   367   4.065582106201222e-15
   368   3.184712187070347e-15
   369   2.747276081071166e-15
   370   1.639636992317217e-15
   371   9.645116318803090e-16
   372   1.647427052068213e-15
   373   1.780531760978805e-16
   374   2.533847021353653e-16
   375   1.538409362370165e-16
   376   5.263495075897833e-16
   377   6.823198306371186e-16
   378   6.894779913204668e-16
   379   6.790089265206010e-16
   380   3.894924808800224e-16
   381   3.567447239430117e-16
   382   3.211208588682683e-16
   383   5.104103732549330e-16
   384   1.969591529944573e-16
   385   1.587217688875747e-16
   386   7.627268657187462e-17
   387   5.300446799526604e-17
   388   3.042057069592876e-17
   389   3.152898887828684e-17
   390   1.874518751656123e-17
   391   1.893985630297068e-17
   392   1.219363231106741e-17
   393   1.059964206472941e-17
   394   1.095318051062934e-17
   395   1.255235855746326e-18
   396   1.277358498901549e-18
   397   1.042795160018412e-18
   398   2.628744866221872e-19
   399   2.596003446591304e-19
   400   9.610919350100648e-20
   401   9.784088704566332e-20
   402   1.461166153614473e-18
   403   4.414873461012612e-19
   404   3.809106560030038e-19
   405   3.969369217070311e-19
   406   3.099319615579539e-19
   407   4.545358491033837e-19
   408   1.176384413862702e-19
   409   1.506997298309104e-19
   410   4.215690641403370e-20
   411   3.141214085378958e-20
   412   1.794155195458789e-20
   413   1.810120999650235e-20
   414   1.009472453868321e-20
   415   1.243054832847572e-20
   416   4.956353638801174e-21
   417   3.511559784702989e-21
   418   2.385581564262898e-21
   419   1.346849610502578e-21
   420   1.199583125813862e-21
   421   1.994176731515942e-21
   422   5.987129551619531e-22
   423   4.530275305204792e-22
   424   1.733884388069918e-22
   425   1.664841132933412e-22
   426   1.690671209057071e-22
   427   5.016194755541914e-22
   428   2.769567351180401e-23
   429   1.653329076439818e-23
   430   1.534441423199414e-23
   431   1.938474622046555e-23
   432   1.939929957755782e-23
   433   1.525177439622948e-23
   434   2.699024928118174e-23
   435   2.412338841572438e-23
   436   2.405864481118572e-23
   437   2.450596077302502e-23
   438   9.042182218547487e-24
   439   9.057843570832726e-24
   440   1.974476729988051e-24
   441   1.001843823481605e-24
   442   6.761029290908673e-25
quark propagator obtained
Dirac = 0 Color = 0
BiCGStab solver start
b.norm()=18.59987034741953
solve_init  init:  1.530885912241840e+04
     0   1.839716981749832e+02
     1   1.381107713322769e+01
     2   2.016350906481436e+00
     3   4.147002410901214e-01
     4   1.077935534928374e-01
     5   3.282665353442254e-02
     6   1.119753874817148e-02
     7   4.086720137249524e-03
     8   1.631771668328155e-03
     9   7.351557393778993e-04
    10   3.755524795291804e-04
    11   2.150844404132980e-04
    12   1.386400411552271e-04
    13   9.976401906282956e-05
    14   7.717787862932915e-05
    15   6.264006570375679e-05
    16   5.216183919626312e-05
    17   4.362485335459386e-05
    18   3.607219361389324e-05
    19   2.889845263771134e-05
    20   2.203672117616660e-05
    21   1.613440406452596e-05
    22   1.168868808969235e-05
    23   8.651026331774747e-06
    24   6.753008145946895e-06
    25   5.574151236609807e-06
    26   4.788804386068146e-06
    27   4.200368785769105e-06
    28   3.736944216537799e-06
    29   3.341186834670430e-06
    30   2.973278397362798e-06
    31   2.618797850718917e-06
    32   2.281836770249951e-06
    33   1.969281874428330e-06
    34   1.707532595032457e-06
    35   1.481390787838661e-06
    36   1.310354552644577e-06
    37   9.983581201368352e-07
    38   9.264969758283070e-07
    39   8.470654518589444e-07
    40   6.543100602400061e-07
    41   6.432385567764203e-07
    42   6.265750805890519e-07
    43   4.447586021029969e-06
    44   5.376913456090471e-07
    45   5.031714501084286e-07
    46   4.681194226574546e-07
    47   4.446261054203085e-07
    48   4.754558582188557e-07
    49   4.510984746167937e-07
    50   3.661904541864275e-07
    51   3.118793267389876e-07
    52   4.276505753714095e-07
    53   2.576344254828289e-07
    54   2.377498483429718e-07
    55   2.163557191680951e-07
    56   2.177167794825611e-07
    57   1.890282486581976e-07
    58   1.800794640068479e-07
    59   1.737502420392811e-07
    60   1.804476362853986e-07
    61   1.522391491766157e-07
    62   1.374366328829861e-07
    63   1.208210355314325e-07
    64   1.134862084440660e-07
    65   1.270168791798130e-07
    66   9.243238920408171e-08
    67   8.270383551417173e-08
    68   7.554691813193084e-08
    69   8.279687036299041e-08
    70   6.664898935153612e-08
    71   6.308175306122014e-08
    72   5.588010194852446e-08
    73   5.140411340089946e-08
    74   5.084909171162510e-08
    75   4.890032878700556e-08
    76   3.976528871306551e-08
    77   3.818719519686534e-08
    78   3.077673235236249e-08
    79   3.103508983593329e-08
    80   2.860528738985575e-08
    81   2.395543822231078e-08
    82   2.433663402137025e-08
    83   2.224008055723397e-08
    84   1.851694677971111e-08
    85   1.749601117438086e-08
    86   1.571530874356584e-08
    87   1.492693265171110e-08
    88   1.264926456701960e-08
    89   1.133051644545896e-08
    90   1.091000165699335e-08
    91   9.879059613030122e-09
    92   8.908089772093234e-09
    93   8.458521945176834e-09
    94   7.882357309670933e-09
    95   7.555704983673349e-09
    96   6.861959555481977e-09
    97   6.931372455288735e-09
    98   6.780335397546828e-09
    99   6.443026517093913e-09
   100   6.055710740381666e-09
   101   6.009029376468586e-09
   102   6.043440164642534e-09
   103   5.866834835037350e-09
   104   5.762788557380428e-09
   105   5.690054059040155e-09
   106   3.570214054704169e-05
   107   5.547052082375202e-09
   108   5.520725794808124e-09
   109   5.435466500886336e-09
   110   5.413959191865555e-09
   111   5.519758426837041e-09
   112   5.479598869535575e-09
   113   5.312062795776910e-09
   114   5.283192509701271e-09
   115   5.203462464005515e-09
   116   1.009956621719710e-08
   117   5.152422105062286e-09
   118   5.136051206381829e-09
   119   5.120567279984003e-09
   120   5.111886434188213e-09
   121   5.066775177570052e-09
   122   5.034167406058906e-09
   123   5.022485489782457e-09
   124   5.012614182187950e-09
   125   4.998446787729085e-09
   126   4.991384735210561e-09
   127   4.951753576437302e-09
   128   4.969932625021397e-09
   129   4.961392155110772e-09
   130   4.945438644086263e-09
   131   4.929038489525866e-09
   132   4.918938502852778e-09
   133   4.923606830315414e-09
   134   4.889506015892423e-09
   135   4.880030467463835e-09
   136   4.772852342117658e-09
   137   4.835469113057734e-09
   138   4.820144215458709e-09
   139   4.768583184108202e-09
   140   4.751651440169433e-09
   141   4.653351273155790e-09
   142   4.671193616096285e-09
   143   4.625284968530927e-09
   144   4.560746839810969e-09
   145   4.526356835809239e-09
   146   3.724489304308171e-09
   147   4.423439569041146e-09
   148   4.363125171515155e-09
   149   4.236135259607351e-09
   150   4.165516698293996e-09
   151   3.994439995175382e-09
   152   3.930341820814401e-09
   153   3.295769333917808e-09
   154   3.673670891951255e-09
   155   3.602705408550894e-09
   156   3.362157152757661e-09
   157   3.344914163459595e-09
   158   3.183836157467645e-09
   159   3.070032023681255e-09
   160   2.908923220886642e-09
   161   2.811413107967082e-09
   162   2.707156370746249e-09
   163   2.521538171737865e-09
   164   2.401055096123410e-09
   165   2.337686380721961e-09
   166   2.144546384198556e-09
   167   2.037384333244941e-09
   168   4.346382947127243e-09
   169   1.827400428544951e-09
   170   1.821979968446201e-09
   171   1.679166065718887e-09
   172   1.640800516423521e-09
   173   1.327410162852161e-09
   174   1.472680351180929e-09
   175   1.385772895734923e-09
   176   1.322045371866535e-09
   177   1.264946554421888e-09
   178   1.212405896262396e-09
   179   1.161867381496357e-09
   180   1.120672095774204e-09
   181   1.062208874681083e-09
   182   1.019313025994329e-09
   183   9.557466935053791e-10
   184   9.159743348511242e-10
   185   8.854524938047552e-10
   186   8.042871348600712e-10
   187   7.900089939659975e-10
   188   7.798607435368869e-10
   189   7.217443113093934e-10
   190   6.872340099163272e-10
   191   6.297792186416678e-10
   192   6.230100818981020e-10
   193   5.817377149527968e-10
   194   5.634808110998375e-10
   195   5.165867114894813e-10
   196   4.828989324328804e-10
   197   4.242364483653711e-10
   198   3.979278573343114e-10
   199   3.826192902071852e-10
   200   3.525707564098559e-10
   201   3.411516060211467e-10
   202   2.871159690811656e-10
   203   2.580010477287503e-10
   204   2.489202944364412e-10
   205   2.379698905795124e-10
   206   2.127806415306043e-10
   207   1.951640481818364e-10
   208   1.796613218184444e-10
   209   1.934410035541191e-10
   210   1.693930383688457e-10
   211   1.523586745512872e-10
   212   1.044670566436059e-10
   213   1.150080738137349e-10
   214   9.325151422158478e-11
   215   8.628771394110179e-11
   216   8.190384839256897e-11
   217   7.574735106969282e-11
   218   7.053728055430017e-11
   219   5.384471542659423e-11
   220   8.554662538158849e-11
   221   5.764598102946994e-11
   222   5.462863657211640e-11
   223   4.818072106523363e-11
   224   4.553250747344213e-11
   225   4.068024271611510e-11
   226   3.718219438711750e-11
   227   3.410119624782605e-11
   228   2.931313608626810e-11
   229   2.697234743312998e-11
   230   3.423274893174098e-11
   231   1.944045280394906e-11
   232   1.728857782528187e-11
   233   9.172083625236091e-12
   234   2.885334551967754e-12
   235   1.125184221603697e-11
   236   8.544124109974297e-12
   237   6.959928095671095e-12
   238   5.353932990274247e-12
   239   4.629429504766118e-12
   240   2.755949184136794e-12
   241   3.219762394951485e-12
   242   2.547033773019711e-12
   243   1.728865200129671e-12
   244   1.197004960220451e-12
   245   1.066865287501136e-12
   246   9.302463643799127e-13
   247   9.296004830107721e-13
   248   7.937552018305007e-13
   249   1.754066402731244e-11
   250   6.995403172629959e-13
   251   6.805350635706113e-13
   252   6.428868489522897e-13
   253   6.158894123666209e-13
   254   6.173143513432623e-13
   255   6.036992853972666e-13
   256   5.989118860578022e-13
   257   5.939244796305050e-13
   258   5.905208784126592e-13
   259   5.881729304147938e-13
   260   5.832481233993417e-13
   261   5.817025477290688e-13
   262   5.772560695396889e-13
   263   5.668069326776070e-13
   264   5.659929873081709e-13
   265   5.649266963301858e-13
   266   5.642198717332820e-13
   267   5.637971773038625e-13
   268   5.638203132778102e-13
   269   5.624723178544772e-13
   270   5.618373787368216e-13
   271   5.612641406822963e-13
   272   5.600283052231653e-13
   273   5.553983548737993e-13
   274   5.699766857693406e-13
   275   5.696824494407228e-13
   276   5.715723712220881e-13
   277   5.709689607636788e-13
   278   5.689191729048929e-13
   279   5.612568217151422e-13
   280   5.614525588282432e-13
   281   5.559860852323402e-13
   282   5.538822849126173e-13
   283   5.519787030083056e-13
   284   5.513073411493092e-13
   285   5.504564040704275e-13
   286   5.501723571746154e-13
   287   5.498541563317177e-13
   288   5.490645533893727e-13
   289   5.486512385942292e-13
   290   5.482558325722874e-13
   291   5.478846947147259e-13
   292   5.472955283761828e-13
   293   5.464964305877441e-13
   294   5.435851430135543e-13
   295   5.390866858161129e-13
   296   5.207352601601596e-13
   297   5.188235636653596e-13
   298   5.178362277130910e-13
   299   5.196562316166948e-13
   300   5.977278084911591e-13
   301   5.316613709743590e-13
   302   5.235673852493099e-13
   303   5.228312464727025e-13
   304   5.224835176575994e-13
   305   5.214189715750581e-13
   306   5.210902844320274e-13
   307   5.183558040626768e-13
   308   5.184470174632965e-13
   309   5.172564784519962e-13
   310   4.225094596937113e-13
   311   5.097264491506272e-13
   312   5.077037003813852e-13
   313   4.936495584408135e-13
   314   4.679975193382042e-13
   315   4.816144614596283e-13
   316   5.490699216399868e-13
   317   5.543925375158616e-13
   318   5.566770913697064e-13
   319   5.536778386786506e-13
   320   5.471118940769005e-13
   321   5.042519367335930e-13
   322   4.765674228119080e-13
   323   4.835257408482217e-13
   324   4.784874166942933e-13
   325   4.776105245390765e-13
   326   4.797689990460871e-13
   327   4.775273187988592e-13
   328   4.754553608117348e-13
   329   4.827231729622422e-13
   330   4.841041378640341e-13
   331   4.840668777437504e-13
   332   4.827716028845405e-13
   333   4.827599046069716e-13
   334   4.824994702009036e-13
   335   4.798356005706907e-13
   336   4.716195909845604e-13
   337   4.427448018041292e-13
   338   3.164092157474757e-13
   339   3.068326544892474e-13
   340   4.816666879687159e-13
   341   3.089444774405008e-13
   342   3.966905161222880e-13
   343   3.968850884692309e-13
   344   3.888983571769381e-13
   345   3.836555822530953e-13
   346   4.491750928835535e-13
   347   3.355553070207509e-13
   348   6.277927276215343e-12
   349   1.604341506037226e-15
   350   5.078074822435297e-14
   351   5.120095276916271e-14
   352   4.845566544796191e-13
   353   5.264031926207022e-13
   354   2.977105483110965e-13
   355   3.513042056160284e-13
   356   3.416522931855760e-13
   357   3.370660564188610e-13
   358   3.361869148008915e-13
   359   3.358267260248072e-13
   360   3.356734951832423e-13
   361   3.357028693578612e-13
   362   3.255984473545490e-13
   363   3.158754877154219e-13
   364   3.158740617253501e-13
   365   3.120565580564042e-13
   366   3.119690333033705e-13
   367   2.967574890860338e-13
   368   3.909974923328696e-13
   369   2.745076114937349e-13
   370   4.095552787615015e-13
   371   2.104918957847310e-13
   372   1.839898287686956e-13
   373   1.635478533027734e-13
   374   1.537270519477388e-13
   375   1.463090893317720e-13
   376   1.411180463663587e-13
   377   1.384629662094274e-13
   378   1.186328901623767e-13
   379   1.284113001604286e-13
   380   1.441343915763579e-13
   381   9.236018836338752e-14
   382   1.804685550047076e-13
   383   1.432744250462718e-12
   384   2.725105640372641e-12
   385   4.070710518947768e-13
   386   5.349406774422865e-13
   387   5.021580241757603e-13
   388   4.696240945055273e-13
   389   4.456412142663431e-13
   390   4.624092091937914e-13
   391   2.720513763846669e-13
   392   3.505986090197384e-13
   393   1.982392361885869e-13
   394   6.415653286444281e-14
   395   1.053452832170881e-13
   396   4.042730947195172e-15
   397   3.872725630073669e-16
   398   4.528449163172405e-17
   399   4.518530606667690e-17
   400   1.538607673996682e-18
   401   1.205153190557926e-15
   402   3.088570908932217e-15
   403   2.328116622697796e-15
   404   1.794013063089248e-15
   405   1.815214044012867e-15
   406   1.625089610840592e-15
   407   1.608228032771572e-15
   408   1.609907024372035e-15
   409   8.596678304973303e-16
   410   7.315591266088622e-16
   411   9.462272922128070e-16
   412   4.446146786180317e-14
   413   6.642179990715766e-14
   414   4.690306847302110e-14
   415   3.942268609356207e-14
   416   6.014514621455352e-15
   417   6.249445007350631e-15
   418   3.184819667639713e-16
   419   1.224260936137052e-16
   420   8.100043739693612e-17
   421   4.689368262670630e-17
   422   4.626830447299329e-17
   423   4.792540471562183e-17
   424   3.015109013838235e-17
   425   5.616194065835227e-15
   426   6.494017912045592e-16
   427   6.019535817828652e-16
   428   1.907667565536242e-16
   429   1.594907245968636e-17
   430   7.753149775636213e-19
   431   4.400634645651214e-20
   432   7.390522507169542e-18
   433   7.421354746094764e-18
   434   6.046140230718410e-18
   435   5.180872728339553e-18
   436   2.188886370294290e-18
   437   2.195933323615462e-18
   438   1.480613126702511e-18
   439   5.091044322177424e-19
   440   2.643560146363959e-19
   441   1.962907649678194e-19
   442   6.639640374696609e-20
   443   7.325859461457669e-20
   444   4.243216257390495e-21
   445   7.388869610219658e-21
   446   6.405220748798640e-20
   447   1.213731690767784e-22
   448   4.238052600168794e-23
   449   2.082397709145671e-23
   450   2.076116296477539e-23
   451   8.442803596019239e-25
