.::: Initializing geometry structure
Lattice was initialized
CommonPrms instance  was created
SiteIndex was initialized
Reading gauge configuration from ./Test/conf_04040408.txt
U[0]=0.0812206+I-0.288626
read successful
Starting HMCrun
Level : 1 with multiplier 1
Found Action  [TwoFlavorsRatio] of type [Fermion]
Level : 2 with multiplier 2
Found Action  [TwoFlavors] of type [Fermion]
Level : 3 with multiplier 2
Found Action  [Wilson] of type [Gauge]
Number of actions 3  divided in 3 nested levels 
HMC starts
sweep = 0
initializing MD steps level= 0 id= 0
Action_ratio::init
ph.norm=64.0082
CG solver start
snorm=0.0144076
  init:  5.858769514796064e+01
     0   3.979210286525923e+00
     1   1.718621229001263e+00
     2   1.135452406653909e+00
     3   3.170189747931186e-01
     4   1.887157366560574e-01
     5   1.330333071343789e-01
     6   6.011628842334877e-02
     7   4.556651316009778e-02
     8   3.253291672101400e-02
     9   1.893166281979162e-02
    10   1.620970831992032e-02
    11   1.104452260922009e-02
    12   7.066911072221911e-03
    13   5.916080906435320e-03
    14   3.485214734853286e-03
    15   2.321914760392246e-03
    16   1.744126555792546e-03
    17   9.957715101973758e-04
    18   6.246344803603858e-04
    19   4.132504800448905e-04
    20   2.222981576138611e-04
    21   1.469755101456312e-04
    22   9.399043156530115e-05
    23   5.376117260115687e-05
    24   3.651233106885314e-05
    25   2.234958504064120e-05
    26   1.304168395696266e-05
    27   9.156425915964706e-06
    28   5.329706294705251e-06
    29   3.361551392210954e-06
    30   2.257715050132281e-06
    31   1.339641112982798e-06
    32   9.043390666866905e-07
    33   6.054969457186050e-07
    34   3.664531360300581e-07
    35   2.560163449488457e-07
    36   1.791826097664184e-07
    37   1.199588528409212e-07
    38   8.640924885368293e-08
    39   6.011244047470828e-08
    40   4.131037348113539e-08
    41   3.004379623840545e-08
    42   1.830381536907994e-08
    43   1.242943503178368e-08
    44   8.047071398490427e-09
    45   4.494092402512549e-09
    46   2.804557582329351e-09
    47   1.793984118666789e-09
    48   1.071907742459523e-09
    49   6.757993718908328e-10
    50   4.358756481562250e-10
    51   2.816653919099427e-10
    52   1.979523177972420e-10
    53   1.252349927492611e-10
    54   8.254718598881306e-11
    55   5.703367802676938e-11
    56   3.690582759498154e-11
    57   2.478912126000207e-11
    58   1.616085497977584e-11
    59   9.256405006991316e-12
initializing MD steps level= 1 id= 0
initializing MD steps level= 2 id= 0
ActionGaugeWilson::init
calc of H_before
P.norm()= 128.365
H_local=-16477.7
H_local=8238.84
H_kin = 8238.84
 id=0 lv=0
Action_Nf2_ratio::calc_H
CG solver start
snorm=0.0144076
  init:  3.730762924058268e+01
     0   2.373450502397275e+00
     1   1.005632606393011e+00
     2   3.960673596344070e-01
     3   9.361915229845186e-02
     4   5.462071271126272e-02
     5   2.123575968075751e-02
     6   9.452977655802018e-03
     7   5.848327406904667e-03
     8   2.376137153262340e-03
     9   1.363535779513542e-03
    10   6.762486882247046e-04
    11   2.885928662909788e-04
    12   1.604149805770782e-04
    13   6.715998982476401e-05
    14   3.285425931028313e-05
    15   1.621129577115273e-05
    16   6.270382559496634e-06
    17   3.047485563971314e-06
    18   1.300964676459171e-06
    19   5.318907855913080e-07
    20   2.651796831412223e-07
    21   1.079514487861191e-07
    22   5.090251448768255e-08
    23   2.386422084175971e-08
    24   1.002299247711192e-08
    25   4.928955620364517e-09
    26   2.144218149868765e-09
    27   9.231303088004590e-10
    28   4.541254892756595e-10
    29   1.906995687205056e-10
    30   9.340924891918605e-11
    31   4.296638270834846e-11
    32   1.902688132104815e-11
    33   1.013104819894772e-11
    34   4.825846635274518e-12
 id=0 lv=1
CG solver start
snorm=0.013902
  init:  6.477860164374032e+01
     0   3.836184130296019e+00
     1   1.341937624025267e+00
     2   9.082560649887800e-01
     3   2.505839950592004e-01
     4   1.294326462494716e-01
     5   9.285116449499717e-02
     6   4.049868731126811e-02
     7   2.793827959545169e-02
     8   2.126340519417689e-02
     9   1.222285641766626e-02
    10   1.033048122510880e-02
    11   7.336702158110992e-03
    12   4.576996705168333e-03
    13   3.791926169923846e-03
    14   2.285027208324640e-03
    15   1.439909881685102e-03
    16   1.064901355472253e-03
    17   6.110666789770176e-04
    18   3.848957724951367e-04
    19   2.797018744616070e-04
    20   1.621011936530451e-04
    21   1.092976622421950e-04
    22   7.039988093598318e-05
    23   3.982428128525949e-05
    24   2.711213047112025e-05
    25   1.663948298865650e-05
    26   9.535278569609558e-06
    27   6.703484007696355e-06
    28   3.960342090539882e-06
    29   2.423586647114659e-06
    30   1.645974836246856e-06
    31   9.795309059375237e-07
    32   6.381199101750509e-07
    33   4.419768104464593e-07
    34   2.655375530328844e-07
    35   1.836186488711452e-07
    36   1.285435062970835e-07
    37   8.269326433747427e-08
    38   5.804596811828914e-08
    39   3.991121782640304e-08
    40   2.675532748807465e-08
    41   1.933837981507123e-08
    42   1.187382730976636e-08
    43   7.718959966760808e-09
    44   5.077585141524356e-09
    45   2.991597365295519e-09
    46   1.882913631167834e-09
    47   1.250575524867145e-09
    48   7.873140847019189e-10
    49   5.270390135100400e-10
    50   3.436958929498454e-10
    51   2.160395048560785e-10
    52   1.492662189986538e-10
    53   9.150725665594979e-11
    54   5.697464601682942e-11
    55   3.685368122575369e-11
    56   2.306493604871445e-11
    57   1.484900105514546e-11
    58   9.851453876111439e-12
 id=0 lv=2
ActionGaugeWilson::calc_H
plaq=0.62513
H_gauge= 6.909604817357864e+03
total H_before = 23381.6
MDstep = 0
CG solver start
snorm=0.0144076
  init:  3.730762924058268e+01
     0   2.373450502397275e+00
     1   1.005632606393011e+00
     2   3.960673596344070e-01
     3   9.361915229845186e-02
     4   5.462071271126272e-02
     5   2.123575968075751e-02
     6   9.452977655802018e-03
     7   5.848327406904667e-03
     8   2.376137153262340e-03
     9   1.363535779513542e-03
    10   6.762486882247046e-04
    11   2.885928662909788e-04
    12   1.604149805770782e-04
    13   6.715998982476401e-05
    14   3.285425931028313e-05
    15   1.621129577115273e-05
    16   6.270382559496634e-06
    17   3.047485563971314e-06
    18   1.300964676459171e-06
    19   5.318907855913080e-07
    20   2.651796831412223e-07
    21   1.079514487861191e-07
    22   5.090251448768255e-08
    23   2.386422084175971e-08
    24   1.002299247711192e-08
    25   4.928955620364517e-09
    26   2.144218149868765e-09
    27   9.231303088004590e-10
    28   4.541254892756595e-10
    29   1.906995687205056e-10
    30   9.340924891918605e-11
    31   4.296638270834846e-11
    32   1.902688132104815e-11
    33   1.013104819894772e-11
    34   4.825846635274518e-12
   P 0.5
CG solver start
snorm=0.013902
  init:  6.477860164374032e+01
     0   3.836184130296019e+00
     1   1.341937624025267e+00
     2   9.082560649887800e-01
     3   2.505839950592004e-01
     4   1.294326462494716e-01
     5   9.285116449499717e-02
     6   4.049868731126811e-02
     7   2.793827959545169e-02
     8   2.126340519417689e-02
     9   1.222285641766626e-02
    10   1.033048122510880e-02
    11   7.336702158110992e-03
    12   4.576996705168333e-03
    13   3.791926169923846e-03
    14   2.285027208324640e-03
    15   1.439909881685102e-03
    16   1.064901355472253e-03
    17   6.110666789770176e-04
    18   3.848957724951367e-04
    19   2.797018744616070e-04
    20   1.621011936530451e-04
    21   1.092976622421950e-04
    22   7.039988093598318e-05
    23   3.982428128525949e-05
    24   2.711213047112025e-05
    25   1.663948298865650e-05
    26   9.535278569609558e-06
    27   6.703484007696355e-06
    28   3.960342090539882e-06
    29   2.423586647114659e-06
    30   1.645974836246856e-06
    31   9.795309059375237e-07
    32   6.381199101750509e-07
    33   4.419768104464593e-07
    34   2.655375530328844e-07
    35   1.836186488711452e-07
    36   1.285435062970835e-07
    37   8.269326433747427e-08
    38   5.804596811828914e-08
    39   3.991121782640304e-08
    40   2.675532748807465e-08
    41   1.933837981507123e-08
    42   1.187382730976636e-08
    43   7.718959966760808e-09
    44   5.077585141524356e-09
    45   2.991597365295519e-09
    46   1.882913631167834e-09
    47   1.250575524867145e-09
    48   7.873140847019189e-10
    49   5.270390135100400e-10
    50   3.436958929498454e-10
    51   2.160395048560785e-10
    52   1.492662189986538e-10
    53   9.150725665594979e-11
    54   5.697464601682942e-11
    55   3.685368122575369e-11
    56   2.306493604871445e-11
    57   1.484900105514546e-11
    58   9.851453876111439e-12
      P 0.5
         P 0.5
         U 1
         P 1.5
         U 2
         P 2.5
CG solver start
snorm=0.013902
  init:  6.472356609671820e+01
     0   3.824818757990240e+00
     1   1.340889366833586e+00
     2   9.089157758759647e-01
     3   2.502352100815520e-01
     4   1.289190758718319e-01
     5   9.226253454757943e-02
     6   3.928361067879550e-02
     7   2.659678202705914e-02
     8   2.006733755904041e-02
     9   1.142427779231566e-02
    10   9.495304442703602e-03
    11   6.797543930760503e-03
    12   4.210977611548762e-03
    13   3.469933683832622e-03
    14   2.114096001820952e-03
    15   1.292623190399925e-03
    16   9.543726458134132e-04
    17   5.500194489360189e-04
    18   3.496004454305767e-04
    19   2.574182553979833e-04
    20   1.548554600788301e-04
    21   1.060830970731178e-04
    22   7.084584634238221e-05
    23   4.048570281232920e-05
    24   2.751476771636737e-05
    25   1.666407359507760e-05
    26   9.477387171242645e-06
    27   6.587381637327334e-06
    28   3.897910911378187e-06
    29   2.358106357360354e-06
    30   1.582584966989910e-06
    31   9.224254514142968e-07
    32   5.995206150933011e-07
    33   4.186481641966443e-07
    34   2.526962063921464e-07
    35   1.730560299591060e-07
    36   1.216832711226222e-07
    37   7.769711776143950e-08
    38   5.571792494725483e-08
    39   3.915539978730525e-08
    40   2.564102282147086e-08
    41   1.872908219280480e-08
    42   1.207612833649664e-08
    43   7.665266839688291e-09
    44   5.135143987649949e-09
    45   2.978062081035568e-09
    46   1.883571394245791e-09
    47   1.259731468482688e-09
    48   7.960960893839876e-10
    49   5.358945183841409e-10
    50   3.431952593571743e-10
    51   2.188409617953781e-10
    52   1.485747987288106e-10
    53   9.087906505957358e-11
    54   5.686055644060629e-11
    55   3.645737701113306e-11
    56   2.310749493283709e-11
    57   1.439770868652988e-11
    58   9.698397457791941e-12
      P 1.5
         U 3
         P 3.5
         U 4
         P 4.5
CG solver start
snorm=0.013902
  init:  6.472343519475000e+01
     0   3.801727013104194e+00
     1   1.328455861307492e+00
     2   9.039616874849601e-01
     3   2.495294491316171e-01
     4   1.281045408106835e-01
     5   9.155401566858015e-02
     6   3.820623026433980e-02
     7   2.544453044420464e-02
     8   1.906468453197621e-02
     9   1.064871653973916e-02
    10   8.603065702788687e-03
    11   6.164986029390688e-03
    12   3.753488728497477e-03
    13   3.062875372103526e-03
    14   1.878790615759691e-03
    15   1.117042598467173e-03
    16   8.231507187606699e-04
    17   4.746355654894199e-04
    18   3.049235995421004e-04
    19   2.299968218262294e-04
    20   1.435647011966398e-04
    21   1.007763625482053e-04
    22   7.028627989023155e-05
    23   4.069658629621356e-05
    24   2.763415728191591e-05
    25   1.669213662591520e-05
    26   9.539189164809405e-06
    27   6.637150733531604e-06
    28   3.954565580254257e-06
    29   2.391205271059251e-06
    30   1.585610267133744e-06
    31   9.270722008256976e-07
    32   6.070956249164237e-07
    33   4.266306649755160e-07
    34   2.633773902545156e-07
    35   1.800652092788197e-07
    36   1.245031805045988e-07
    37   7.839598882971368e-08
    38   5.727937005354810e-08
    39   3.958933007481451e-08
    40   2.544368820002522e-08
    41   1.834014041744084e-08
    42   1.233536348207891e-08
    43   7.720369042395669e-09
    44   5.191225361725655e-09
    45   3.021881869184889e-09
    46   1.969543846568549e-09
    47   1.322694768533505e-09
    48   8.529340641982209e-10
    49   5.748880492845933e-10
    50   3.694607718191437e-10
    51   2.361587254075641e-10
    52   1.591719739077026e-10
    53   9.668645693731446e-11
    54   6.008422135122399e-11
    55   3.862324999833166e-11
    56   2.430863893773806e-11
    57   1.495101778204575e-11
    58   1.009294122971913e-11
    59   6.062776821388979e-12
      P 2.5
CG solver start
snorm=0.0143532
  init:  3.735615178088757e+01
     0   2.348290488560882e+00
     1   9.749877693286210e-01
     2   3.885084331877605e-01
     3   9.168801776179937e-02
     4   5.360448346262500e-02
     5   2.097605903079072e-02
     6   8.977141400765460e-03
     7   5.705070367240767e-03
     8   2.322245072546596e-03
     9   1.307958520274841e-03
    10   6.549355073171912e-04
    11   2.788815341269220e-04
    12   1.562189201427234e-04
    13   6.490148785718780e-05
    14   3.036364661758423e-05
    15   1.529875837988983e-05
    16   6.059884576382480e-06
    17   2.980412660690229e-06
    18   1.290455146306121e-06
    19   5.242035291271042e-07
    20   2.587887994405462e-07
    21   1.072773748252626e-07
    22   5.072460950032225e-08
    23   2.396200369892630e-08
    24   9.994431642257576e-09
    25   4.951390312736141e-09
    26   2.133584723305620e-09
    27   9.180802581704348e-10
    28   4.499318034077945e-10
    29   1.906201954825649e-10
    30   9.563797582346269e-11
    31   4.471618611651845e-11
    32   2.024979375254459e-11
    33   1.091395861428247e-11
    34   5.123260829246719e-12
   P 1.5
MDstep = 1
         U 5
         P 5.5
         U 6
         P 6.5
CG solver start
snorm=0.013902
  init:  6.473857519022258e+01
     0   3.777640977178747e+00
     1   1.316701093175910e+00
     2   9.013837185398844e-01
     3   2.508701471335112e-01
     4   1.287931931607088e-01
     5   9.226192254581028e-02
     6   3.813745581417454e-02
     7   2.535711534199662e-02
     8   1.904079663965455e-02
     9   1.040872499109624e-02
    10   8.204476095071482e-03
    11   5.840415200501283e-03
    12   3.486442825810778e-03
    13   2.800192673455561e-03
    14   1.707139334121707e-03
    15   9.915455253069168e-04
    16   7.292506555054691e-04
    17   4.181084315124776e-04
    18   2.717879102058617e-04
    19   2.094608225664088e-04
    20   1.347543224077561e-04
    21   9.718387817787610e-05
    22   7.042116707041476e-05
    23   4.119140896197666e-05
    24   2.817829923969321e-05
    25   1.711575695402740e-05
    26   9.968859564314752e-06
    27   7.033678478766584e-06
    28   4.247141686312233e-06
    29   2.578630787267585e-06
    30   1.691956664488073e-06
    31   1.015909645876270e-06
    32   6.734477542998168e-07
    33   4.766324522495494e-07
    34   2.962504688595658e-07
    35   2.034994679984957e-07
    36   1.373198671704591e-07
    37   8.511275700417555e-08
    38   6.226213393398870e-08
    39   4.083644038723161e-08
    40   2.625521449827464e-08
    41   1.867103026355567e-08
    42   1.241723374023025e-08
    43   7.788939753503099e-09
    44   5.248563128074957e-09
    45   3.137164561371648e-09
    46   2.053211452556953e-09
    47   1.413502766842512e-09
    48   9.144930344321623e-10
    49   6.133261005417263e-10
    50   4.010797225978681e-10
    51   2.520373491544221e-10
    52   1.704479186618382e-10
    53   1.044360505846234e-10
    54   6.381165383802826e-11
    55   4.145046851853859e-11
    56   2.558090784248794e-11
    57   1.608554521155238e-11
    58   1.080020069533281e-11
    59   6.523974701553434e-12
      P 3.5
         U 7
         P 7.5
         U 8
         P 8.5
CG solver start
snorm=0.013902
  init:  6.483760465250154e+01
     0   3.746210876550562e+00
     1   1.295633439083779e+00
     2   8.938480022141823e-01
     3   2.523395969241148e-01
     4   1.293990491888010e-01
     5   9.342060579147342e-02
     6   3.872471603686176e-02
     7   2.608990095919119e-02
     8   1.982681855802673e-02
     9   1.061567245268263e-02
    10   8.283961854824219e-03
    11   5.848679998227681e-03
    12   3.449803794502735e-03
    13   2.722338654139033e-03
    14   1.641225616363822e-03
    15   9.376157073210109e-04
    16   6.914424986060104e-04
    17   3.952247282151736e-04
    18   2.606506933941889e-04
    19   2.028661285757782e-04
    20   1.334980784287527e-04
    21   9.882575786225584e-05
    22   7.279903611467063e-05
    23   4.277063267823879e-05
    24   2.957901573807146e-05
    25   1.812612964183638e-05
    26   1.074187456078942e-05
    27   7.692970427375302e-06
    28   4.715238234081836e-06
    29   2.828547474450653e-06
    30   1.845929321133339e-06
    31   1.140959401671181e-06
    32   7.621106040204725e-07
    33   5.425435113114821e-07
    34   3.320473838489639e-07
    35   2.263404273138808e-07
    36   1.488942905835376e-07
    37   9.132450567552640e-08
    38   6.509901819545802e-08
    39   4.073989330841202e-08
    40   2.640256606762291e-08
    41   1.858523424575780e-08
    42   1.174535434693209e-08
    43   7.465216442708608e-09
    44   5.099598798713640e-09
    45   3.126325308523975e-09
    46   2.035824010555677e-09
    47   1.433741592673436e-09
    48   9.223647011562646e-10
    49   6.166826646403203e-10
    50   4.043538298330141e-10
    51   2.509200248984240e-10
    52   1.746442303327942e-10
    53   1.073113360317258e-10
    54   6.489330290716181e-11
    55   4.298626710676398e-11
    56   2.648068040305377e-11
    57   1.702311071954430e-11
    58   1.156862834931021e-11
    59   7.144716710146246e-12
      P 4.5
CG solver start
snorm=0.0142194
  init:  3.786015173582516e+01
     0   2.291106952509050e+00
     1   9.101244505370125e-01
     2   3.741579102238796e-01
     3   8.823551374202396e-02
     4   5.046574736687640e-02
     5   2.042544597993057e-02
     6   8.384274760733137e-03
     7   5.441612362335382e-03
     8   2.205719049787781e-03
     9   1.198893204421541e-03
    10   6.201034059002148e-04
    11   2.618158856326175e-04
    12   1.469827206236247e-04
    13   6.192738897935885e-05
    14   2.763855756718520e-05
    15   1.425952574612715e-05
    16   5.770645804585333e-06
    17   2.897272160817675e-06
    18   1.265770851213138e-06
    19   5.205352333368465e-07
    20   2.565280434233067e-07
    21   1.068981580582740e-07
    22   4.972063573763828e-08
    23   2.413822894228621e-08
    24   1.003292905119094e-08
    25   4.997997591907740e-09
    26   2.158947899967561e-09
    27   9.453964293034263e-10
    28   4.690385366944237e-10
    29   2.049877990204534e-10
    30   1.037110549556637e-10
    31   4.914742615420795e-11
    32   2.350584512699041e-11
    33   1.247668928538067e-11
    34   5.770195881689129e-12
   P 2.5
MDstep = 2
         U 9
         P 9.5
         U 10
         P 10.5
CG solver start
snorm=0.013902
  init:  6.498284102617167e+01
     0   3.716622923654891e+00
     1   1.276651173008378e+00
     2   8.881757246300311e-01
     3   2.552081169098256e-01
     4   1.310198190583636e-01
     5   9.576440466881250e-02
     6   4.024849501671216e-02
     7   2.787072850069781e-02
     8   2.146482292749656e-02
     9   1.132248855091088e-02
    10   8.906853389464790e-03
    11   6.238674138604705e-03
    12   3.684291564553183e-03
    13   2.864811020294232e-03
    14   1.713028164083217e-03
    15   9.721984021921089e-04
    16   7.246127427759411e-04
    17   4.180144888130386e-04
    18   2.797538177501937e-04
    19   2.184062942854049e-04
    20   1.451265942252647e-04
    21   1.094052981275322e-04
    22   7.929636008173503e-05
    23   4.668511004617944e-05
    24   3.215066250581373e-05
    25   1.984112262168815e-05
    26   1.178256669320974e-05
    27   8.457315888104008e-06
    28   5.189559726808010e-06
    29   3.046827575992493e-06
    30   2.003249412011957e-06
    31   1.254709673811576e-06
    32   8.429296488191715e-07
    33   6.054733787845019e-07
    34   3.644629381505768e-07
    35   2.440024150702394e-07
    36   1.584947404689203e-07
    37   9.736675380036195e-08
    38   6.773383352767316e-08
    39   4.216077933168273e-08
    40   2.727190124916662e-08
    41   1.899163723307892e-08
    42   1.166307427912296e-08
    43   7.437583644560726e-09
    44   5.208219555271854e-09
    45   3.244653772043799e-09
    46   2.158548321072580e-09
    47   1.518004533593967e-09
    48   9.639000850857269e-10
    49   6.420964492438543e-10
    50   4.145198927242516e-10
    51   2.598033099717202e-10
    52   1.814957172599393e-10
    53   1.120714192762616e-10
    54   6.784138958887438e-11
    55   4.512564424454092e-11
    56   2.833528601638803e-11
    57   1.837678030507295e-11
    58   1.272177847493184e-11
    59   8.018976646960529e-12
      P 5.5
         U 11
         P 11.5
         U 12
         P 12
CG solver start
snorm=0.013902
  init:  6.524024320989447e+01
     0   3.683684211756102e+00
     1   1.252118885407584e+00
     2   8.786490480111183e-01
     3   2.572552255627282e-01
     4   1.321212242477859e-01
     5   9.813409493428593e-02
     6   4.210004545106438e-02
     7   3.004626464001517e-02
     8   2.333270125168318e-02
     9   1.224282472900585e-02
    10   9.784435685875875e-03
    11   6.831647826655530e-03
    12   4.064519103099164e-03
    13   3.123879770814229e-03
    14   1.864816621063231e-03
    15   1.058046880688160e-03
    16   7.981345426550741e-04
    17   4.692374856967366e-04
    18   3.157150927594660e-04
    19   2.475483585988436e-04
    20   1.634060087142471e-04
    21   1.237858967922025e-04
    22   8.660069062959433e-05
    23   5.138960910413834e-05
    24   3.478716286025742e-05
    25   2.144756800805600e-05
    26   1.260693555682817e-05
    27   8.942470697460555e-06
    28   5.434335771997036e-06
    29   3.165287605894336e-06
    30   2.128866334538997e-06
    31   1.328222768503288e-06
    32   9.017498733388873e-07
    33   6.593461457045634e-07
    34   3.929349631149273e-07
    35   2.608702329212172e-07
    36   1.704630101292081e-07
    37   1.054052865752387e-07
    38   7.293152459457778e-08
    39   4.681488152183212e-08
    40   2.992555376703219e-08
    41   2.082297606952079e-08
    42   1.279037335290244e-08
    43   8.167492854080234e-09
    44   5.869066476889660e-09
    45   3.716196214752964e-09
    46   2.550736978585761e-09
    47   1.757103002467481e-09
    48   1.088586192837164e-09
    49   7.112148536258038e-10
    50   4.550325860737329e-10
    51   2.837881413933904e-10
    52   1.933597840714915e-10
    53   1.207002744613466e-10
    54   7.263244278805916e-11
    55   4.810741207009954e-11
    56   3.074707740066591e-11
    57   2.019638460325096e-11
    58   1.392129379697648e-11
    59   8.817704424068860e-12
      P 6
CG solver start
snorm=0.0140303
  init:  3.888560449523107e+01
     0   2.215926202201921e+00
     1   8.272027438549245e-01
     2   3.565823141003466e-01
     3   8.409375486574719e-02
     4   4.600713457895689e-02
     5   1.964595537117029e-02
     6   7.770405965250805e-03
     7   5.068253498247207e-03
     8   2.053104098577306e-03
     9   1.087236225070513e-03
    10   5.822382538967411e-04
    11   2.399037986437082e-04
    12   1.363661926029297e-04
    13   5.793502449145198e-05
    14   2.526902301676019e-05
    15   1.332629854270771e-05
    16   5.476310756340822e-06
    17   2.749704630666387e-06
    18   1.237289958928452e-06
    19   5.100433315933825e-07
    20   2.526170887705421e-07
    21   1.029709436391249e-07
    22   4.812675673598444e-08
    23   2.372568858369308e-08
    24   9.951145883926970e-09
    25   4.931017441435646e-09
    26   2.181672074320306e-09
    27   9.552973636805207e-10
    28   4.840601189271194e-10
    29   2.188085952746508e-10
    30   1.064585343878794e-10
    31   5.251956629646779e-11
    32   2.459481353916224e-11
    33   1.315473774082995e-11
    34   6.203875048888649e-12
   P 3
calc of H_after
P.norm()= 125.804
H_local=-15826.6
H_local=7913.29
H_kin = 7913.29
 id=0 lv=0
Action_Nf2_ratio::calc_H
CG solver start
snorm=0.0140303
  init:  3.888560449523107e+01
     0   2.215926202201921e+00
     1   8.272027438549245e-01
     2   3.565823141003466e-01
     3   8.409375486574719e-02
     4   4.600713457895689e-02
     5   1.964595537117029e-02
     6   7.770405965250805e-03
     7   5.068253498247207e-03
     8   2.053104098577306e-03
     9   1.087236225070513e-03
    10   5.822382538967411e-04
    11   2.399037986437082e-04
    12   1.363661926029297e-04
    13   5.793502449145198e-05
    14   2.526902301676019e-05
    15   1.332629854270771e-05
    16   5.476310756340822e-06
    17   2.749704630666387e-06
    18   1.237289958928452e-06
    19   5.100433315933825e-07
    20   2.526170887705421e-07
    21   1.029709436391249e-07
    22   4.812675673598444e-08
    23   2.372568858369308e-08
    24   9.951145883926970e-09
    25   4.931017441435646e-09
    26   2.181672074320306e-09
    27   9.552973636805207e-10
    28   4.840601189271194e-10
    29   2.188085952746508e-10
    30   1.064585343878794e-10
    31   5.251956629646779e-11
    32   2.459481353916224e-11
    33   1.315473774082995e-11
    34   6.203875048888649e-12
 id=0 lv=1
CG solver start
snorm=0.013902
  init:  6.524024320989447e+01
     0   3.683684211756102e+00
     1   1.252118885407584e+00
     2   8.786490480111183e-01
     3   2.572552255627282e-01
     4   1.321212242477859e-01
     5   9.813409493428593e-02
     6   4.210004545106438e-02
     7   3.004626464001517e-02
     8   2.333270125168318e-02
     9   1.224282472900585e-02
    10   9.784435685875875e-03
    11   6.831647826655530e-03
    12   4.064519103099164e-03
    13   3.123879770814229e-03
    14   1.864816621063231e-03
    15   1.058046880688160e-03
    16   7.981345426550741e-04
    17   4.692374856967366e-04
    18   3.157150927594660e-04
    19   2.475483585988436e-04
    20   1.634060087142471e-04
    21   1.237858967922025e-04
    22   8.660069062959433e-05
    23   5.138960910413834e-05
    24   3.478716286025742e-05
    25   2.144756800805600e-05
    26   1.260693555682817e-05
    27   8.942470697460555e-06
    28   5.434335771997036e-06
    29   3.165287605894336e-06
    30   2.128866334538997e-06
    31   1.328222768503288e-06
    32   9.017498733388873e-07
    33   6.593461457045634e-07
    34   3.929349631149273e-07
    35   2.608702329212172e-07
    36   1.704630101292081e-07
    37   1.054052865752387e-07
    38   7.293152459457778e-08
    39   4.681488152183212e-08
    40   2.992555376703219e-08
    41   2.082297606952079e-08
    42   1.279037335290244e-08
    43   8.167492854080234e-09
    44   5.869066476889660e-09
    45   3.716196214752964e-09
    46   2.550736978585761e-09
    47   1.757103002467481e-09
    48   1.088586192837164e-09
    49   7.112148536258038e-10
    50   4.550325860737329e-10
    51   2.837881413933904e-10
    52   1.933597840714915e-10
    53   1.207002744613466e-10
    54   7.263244278805916e-11
    55   4.810741207009954e-11
    56   3.074707740066591e-11
    57   2.019638460325096e-11
    58   1.392129379697648e-11
    59   8.817704424068860e-12
 id=0 lv=2
ActionGaugeWilson::calc_H
plaq=0.605319
H_gauge= 7.274762738970283e+03
total H_after = 23383
rejected: dH= 1.35518466e+00 P_acc= 0.25789967 rn=0.42929644
sweep = 1
initializing MD steps level= 0 id= 0
Action_ratio::init
ph.norm=63.8974
CG solver start
snorm=0.0144636
  init:  5.800889024762627e+01
     0   3.995479785639419e+00
     1   1.721046806213146e+00
     2   1.150494878992025e+00
     3   3.331138408178233e-01
     4   2.031855986702154e-01
     5   1.465621916543486e-01
     6   6.866751592685927e-02
     7   5.449295354902195e-02
     8   4.186357086506506e-02
     9   2.502616702401507e-02
    10   2.142511736932608e-02
    11   1.414971389407940e-02
    12   8.889739776394711e-03
    13   7.300855347645979e-03
    14   4.123491711515412e-03
    15   2.665451895386403e-03
    16   1.938989468545122e-03
    17   1.117605029926458e-03
    18   7.332662194033134e-04
    19   4.957346279023802e-04
    20   2.769723681366277e-04
    21   1.879915150608643e-04
    22   1.210119418336371e-04
    23   7.168850631859059e-05
    24   5.160611257326901e-05
    25   3.253308038466467e-05
    26   2.004747851415933e-05
    27   1.426101105294193e-05
    28   8.413577693797410e-06
    29   5.407332347729905e-06
    30   3.708293089784755e-06
    31   2.137800940761622e-06
    32   1.392890292994660e-06
    33   9.225413567800110e-07
    34   5.485669358007346e-07
    35   3.869301851318008e-07
    36   2.596857604915012e-07
    37   1.685795882358223e-07
    38   1.177812946416081e-07
    39   7.497844826394921e-08
    40   4.889768799013767e-08
    41   3.361775462303185e-08
    42   2.022677351981810e-08
    43   1.354519027458437e-08
    44   8.935410957495161e-09
    45   5.188583528062328e-09
    46   3.366786974201982e-09
    47   2.209128347032900e-09
    48   1.354856725120817e-09
    49   9.051094891916195e-10
    50   6.068262428192506e-10
    51   4.100061733690793e-10
    52   3.006845918655394e-10
    53   1.947389662799936e-10
    54   1.257534040695369e-10
    55   8.354441199874282e-11
    56   5.091090508988406e-11
    57   3.238597654398933e-11
    58   2.051781142632780e-11
    59   1.190211462944518e-11
    60   7.520809933425594e-12
initializing MD steps level= 1 id= 0
initializing MD steps level= 2 id= 0
ActionGaugeWilson::init
calc of H_before
P.norm()= 127.345
H_local=-16216.8
H_local=8108.38
H_kin = 8108.38
 id=0 lv=0
Action_Nf2_ratio::calc_H
CG solver start
snorm=0.0144636
  init:  3.692377186762021e+01
     0   2.387127328248204e+00
     1   1.016695312205537e+00
     2   4.071142075249790e-01
     3   1.012457073117952e-01
     4   6.076243932955133e-02
     5   2.453166899528955e-02
     6   1.152698424460656e-02
     7   7.393686278805894e-03
     8   3.074863360332357e-03
     9   1.714009549381762e-03
    10   8.131726243775344e-04
    11   3.428813977496897e-04
    12   1.878186634463510e-04
    13   7.561738487661568e-05
    14   3.644607145640326e-05
    15   1.827720956429518e-05
    16   7.268209744946097e-06
    17   3.605672335677837e-06
    18   1.539203598186568e-06
    19   6.335463296894482e-07
    20   3.208962798432527e-07
    21   1.356816224265264e-07
    22   6.608865950564539e-08
    23   3.080158247872676e-08
    24   1.314779247338361e-08
    25   6.666159711909185e-09
    26   2.893201213209580e-09
    27   1.277803956886394e-09
    28   6.187029640896994e-10
    29   2.562395147237182e-10
    30   1.241042490359834e-10
    31   5.807779031596105e-11
    32   2.556043896976682e-11
    33   1.299922527431009e-11
    34   5.879717475291813e-12
 id=0 lv=1
CG solver start
snorm=0.0139822
  init:  6.391222678018867e+01
     0   3.899452951657733e+00
     1   1.381287091373040e+00
     2   9.202585980307288e-01
     3   2.562897096952500e-01
     4   1.316583479711233e-01
     5   9.533448203287505e-02
     6   4.206648404653844e-02
     7   2.944554324435459e-02
     8   2.285491069550856e-02
     9   1.334866821647546e-02
    10   1.155277431739554e-02
    11   8.411603389854567e-03
    12   5.238586379381831e-03
    13   4.383660698001775e-03
    14   2.655014063950997e-03
    15   1.642470225375705e-03
    16   1.232416959341492e-03
    17   7.297074872122016e-04
    18   4.578882351961745e-04
    19   3.143188740276462e-04
    20   1.738781885558488e-04
    21   1.118258358875646e-04
    22   7.034024696612196e-05
    23   3.812875927872734e-05
    24   2.556472704980531e-05
    25   1.597579993002206e-05
    26   9.454749776961757e-06
    27   6.743796280321449e-06
    28   4.169291913792127e-06
    29   2.612036016367702e-06
    30   1.871477287349257e-06
    31   1.130665466811804e-06
    32   7.263701765776508e-07
    33   4.921998393975015e-07
    34   2.849045958473504e-07
    35   1.891624112288224e-07
    36   1.273508520304090e-07
    37   7.873092316705935e-08
    38   5.509103799044817e-08
    39   3.785913358989697e-08
    40   2.511047438439508e-08
    41   1.810555144069816e-08
    42   1.115499801848909e-08
    43   7.493133402803362e-09
    44   5.110203450064023e-09
    45   3.050221902713526e-09
    46   2.010238139428643e-09
    47   1.339684592716426e-09
    48   8.218378769761325e-10
    49   5.330750417150552e-10
    50   3.486211153287476e-10
    51   2.169264341554912e-10
    52   1.538231367069237e-10
    53   1.013309682641820e-10
    54   6.704298573028847e-11
    55   4.596095189543043e-11
    56   2.873544689837493e-11
    57   1.837299471322901e-11
    58   1.200937064218761e-11
    59   7.001898057347036e-12
 id=0 lv=2
ActionGaugeWilson::calc_H
plaq=0.62513
H_gauge= 6.909604817357864e+03
total H_before = 23215
MDstep = 0
CG solver start
snorm=0.0144636
  init:  3.692377186762021e+01
     0   2.387127328248204e+00
     1   1.016695312205537e+00
     2   4.071142075249790e-01
     3   1.012457073117952e-01
     4   6.076243932955133e-02
     5   2.453166899528955e-02
     6   1.152698424460656e-02
     7   7.393686278805894e-03
     8   3.074863360332357e-03
     9   1.714009549381762e-03
    10   8.131726243775344e-04
    11   3.428813977496897e-04
    12   1.878186634463510e-04
    13   7.561738487661568e-05
    14   3.644607145640326e-05
    15   1.827720956429518e-05
    16   7.268209744946097e-06
    17   3.605672335677837e-06
    18   1.539203598186568e-06
    19   6.335463296894482e-07
    20   3.208962798432527e-07
    21   1.356816224265264e-07
    22   6.608865950564539e-08
    23   3.080158247872676e-08
    24   1.314779247338361e-08
    25   6.666159711909185e-09
    26   2.893201213209580e-09
    27   1.277803956886394e-09
    28   6.187029640896994e-10
    29   2.562395147237182e-10
    30   1.241042490359834e-10
    31   5.807779031596105e-11
    32   2.556043896976682e-11
    33   1.299922527431009e-11
    34   5.879717475291813e-12
   P 0.5
CG solver start
snorm=0.0139822
  init:  6.391222678018867e+01
     0   3.899452951657733e+00
     1   1.381287091373040e+00
     2   9.202585980307288e-01
     3   2.562897096952500e-01
     4   1.316583479711233e-01
     5   9.533448203287505e-02
     6   4.206648404653844e-02
     7   2.944554324435459e-02
     8   2.285491069550856e-02
     9   1.334866821647546e-02
    10   1.155277431739554e-02
    11   8.411603389854567e-03
    12   5.238586379381831e-03
    13   4.383660698001775e-03
    14   2.655014063950997e-03
    15   1.642470225375705e-03
    16   1.232416959341492e-03
    17   7.297074872122016e-04
    18   4.578882351961745e-04
    19   3.143188740276462e-04
    20   1.738781885558488e-04
    21   1.118258358875646e-04
    22   7.034024696612196e-05
    23   3.812875927872734e-05
    24   2.556472704980531e-05
    25   1.597579993002206e-05
    26   9.454749776961757e-06
    27   6.743796280321449e-06
    28   4.169291913792127e-06
    29   2.612036016367702e-06
    30   1.871477287349257e-06
    31   1.130665466811804e-06
    32   7.263701765776508e-07
    33   4.921998393975015e-07
    34   2.849045958473504e-07
    35   1.891624112288224e-07
    36   1.273508520304090e-07
    37   7.873092316705935e-08
    38   5.509103799044817e-08
    39   3.785913358989697e-08
    40   2.511047438439508e-08
    41   1.810555144069816e-08
    42   1.115499801848909e-08
    43   7.493133402803362e-09
    44   5.110203450064023e-09
    45   3.050221902713526e-09
    46   2.010238139428643e-09
    47   1.339684592716426e-09
    48   8.218378769761325e-10
    49   5.330750417150552e-10
    50   3.486211153287476e-10
    51   2.169264341554912e-10
    52   1.538231367069237e-10
    53   1.013309682641820e-10
    54   6.704298573028847e-11
    55   4.596095189543043e-11
    56   2.873544689837493e-11
    57   1.837299471322901e-11
    58   1.200937064218761e-11
    59   7.001898057347036e-12
      P 0.5
         P 0.5
         U 1
         P 1.5
         U 2
         P 2.5
CG solver start
snorm=0.0139822
  init:  6.380955134811952e+01
     0   3.875981204128915e+00
     1   1.382017758506165e+00
     2   9.188261527646729e-01
     3   2.551812252196493e-01
     4   1.310753221471100e-01
     5   9.465392198517805e-02
     6   4.125067682860935e-02
     7   2.843655788368082e-02
     8   2.164198330572597e-02
     9   1.236626638102068e-02
    10   1.049463837896376e-02
    11   7.627667691496156e-03
    12   4.724618113319480e-03
    13   3.943490800349202e-03
    14   2.411735728168612e-03
    15   1.494960024133894e-03
    16   1.119117970339266e-03
    17   6.659238729112427e-04
    18   4.237409339474797e-04
    19   2.947021356010707e-04
    20   1.621864276725744e-04
    21   1.030231876902955e-04
    22   6.491619792853123e-05
    23   3.559741675522790e-05
    24   2.415621857735222e-05
    25   1.528428875212337e-05
    26   9.288686023990668e-06
    27   6.514915667478914e-06
    28   3.966872346897668e-06
    29   2.513714607127984e-06
    30   1.802329930196135e-06
    31   1.082072415813655e-06
    32   6.875624250375387e-07
    33   4.617304325265578e-07
    34   2.624135290883645e-07
    35   1.716467074604378e-07
    36   1.122845822842386e-07
    37   6.710227811731697e-08
    38   4.558507225044331e-08
    39   3.112301164426444e-08
    40   2.029832308017733e-08
    41   1.476413997430091e-08
    42   9.065600591621706e-09
    43   6.084478716710962e-09
    44   4.139878617955743e-09
    45   2.531615891789077e-09
    46   1.639878097406181e-09
    47   1.102076291413837e-09
    48   6.818849386058017e-10
    49   4.473836588181665e-10
    50   3.010524247643776e-10
    51   1.883594525501895e-10
    52   1.377571858343330e-10
    53   9.462130560022644e-11
    54   6.377458540220247e-11
    55   4.443442940961365e-11
    56   2.763683609178608e-11
    57   1.754748972652408e-11
    58   1.126271064388763e-11
    59   6.619145306521661e-12
      P 1.5
         U 3
         P 3.5
         U 4
         P 4.5
CG solver start
snorm=0.0139822
  init:  6.378689156482424e+01
     0   3.842986764790395e+00
     1   1.369436542694185e+00
     2   9.077164975428907e-01
     3   2.515135956656492e-01
     4   1.284636389998494e-01
     5   9.248117960079581e-02
     6   3.963324247430047e-02
     7   2.658620479020541e-02
     8   1.974043564810386e-02
     9   1.096993381613693e-02
    10   9.003149465708724e-03
    11   6.494475080675773e-03
    12   3.977775437810975e-03
    13   3.286887004136446e-03
    14   2.059408903882611e-03
    15   1.275133877636057e-03
    16   9.503440878307104e-04
    17   5.683210160607761e-04
    18   3.680225423913175e-04
    19   2.600391687753354e-04
    20   1.414255044780910e-04
    21   8.985138140337816e-05
    22   5.655459937627963e-05
    23   3.152630508627363e-05
    24   2.157524035881648e-05
    25   1.384061985746821e-05
    26   8.508483611795098e-06
    27   5.924595732819241e-06
    28   3.601086091698093e-06
    29   2.324310965265543e-06
    30   1.664800530720706e-06
    31   1.003398909082141e-06
    32   6.392954790999592e-07
    33   4.256806587106536e-07
    34   2.397149117772038e-07
    35   1.551108014441874e-07
    36   9.876331964339301e-08
    37   5.795679244195101e-08
    38   3.882229016982365e-08
    39   2.579623647814446e-08
    40   1.644937641152491e-08
    41   1.182982422782899e-08
    42   7.167577126196166e-09
    43   4.706640524345836e-09
    44   3.182863880281579e-09
    45   1.963972032474330e-09
    46   1.249512806440988e-09
    47   8.276834183740445e-10
    48   5.087639730203211e-10
    49   3.316423028933680e-10
    50   2.252704852389058e-10
    51   1.421436628237632e-10
    52   1.065481943644330e-10
    53   7.623970310794393e-11
    54   5.261012286343560e-11
    55   3.756589887617475e-11
    56   2.361383421574591e-11
    57   1.515578041305399e-11
    58   9.959658007695428e-12
      P 2.5
CG solver start
snorm=0.0144321
  init:  3.708449244507901e+01
     0   2.361691696787854e+00
     1   9.977079625187654e-01
     2   3.988537904316124e-01
     3   9.830330232229668e-02
     4   5.867158903186264e-02
     5   2.361525938988441e-02
     6   1.078923699947326e-02
     7   6.807967775894506e-03
     8   2.856475131992347e-03
     9   1.566560452771934e-03
    10   7.552615336338367e-04
    11   3.195703569684993e-04
    12   1.763676336134646e-04
    13   7.219477012025815e-05
    14   3.403499461408043e-05
    15   1.697407942178493e-05
    16   6.728974314979961e-06
    17   3.358780927912447e-06
    18   1.414325644548637e-06
    19   5.893961256631660e-07
    20   3.057107689240109e-07
    21   1.306775966440926e-07
    22   6.358598292867819e-08
    23   2.958330033764884e-08
    24   1.234157366198361e-08
    25   6.121533239659529e-09
    26   2.617484533938857e-09
    27   1.168093069250218e-09
    28   5.550155077999999e-10
    29   2.232546734708728e-10
    30   1.111178677440626e-10
    31   5.137335154990751e-11
    32   2.294385230965183e-11
    33   1.202646708773436e-11
    34   5.560885443570957e-12
   P 1.5
MDstep = 1
         U 5
         P 5.5
         U 6
         P 6.5
CG solver start
snorm=0.0139822
  init:  6.381148726082434e+01
     0   3.812939925654309e+00
     1   1.357339598153780e+00
     2   8.966318390986677e-01
     3   2.483809601597547e-01
     4   1.261174792721756e-01
     5   9.057139055156384e-02
     6   3.823767201810463e-02
     7   2.501515826789329e-02
     8   1.809273159784110e-02
     9   9.778029007262882e-03
    10   7.722083297164137e-03
    11   5.483428110429287e-03
    12   3.301994530900657e-03
    13   2.686144501292517e-03
    14   1.720205342607186e-03
    15   1.059430304226161e-03
    16   7.864154905798691e-04
    17   4.704182354656437e-04
    18   3.078294119630100e-04
    19   2.209501602779063e-04
    20   1.187150561396809e-04
    21   7.565538583619740e-05
    22   4.779645053452702e-05
    23   2.700640402886866e-05
    24   1.867499175352676e-05
    25   1.206418339979326e-05
    26   7.346284849288288e-06
    27   5.120154393098464e-06
    28   3.137583057023784e-06
    29   2.077647499334509e-06
    30   1.485987950564928e-06
    31   9.116084845839944e-07
    32   5.911107316977843e-07
    33   3.873924578829726e-07
    34   2.188682095577312e-07
    35   1.415824985519422e-07
    36   8.905219433523567e-08
    37   5.234041538050174e-08
    38   3.525060460654175e-08
    39   2.284612647387173e-08
    40   1.436992729885878e-08
    41   1.013548052363926e-08
    42   6.073063591899919e-09
    43   3.908659255508045e-09
    44   2.626148033008990e-09
    45   1.593547408950922e-09
    46   1.004695707407930e-09
    47   6.454077261084586e-10
    48   3.925228399625071e-10
    49   2.508329521220385e-10
    50   1.652218180318126e-10
    51   1.046239900427206e-10
    52   7.946831262132037e-11
    53   5.733754388462415e-11
    54   4.032381585295453e-11
    55   2.977307272016238e-11
    56   1.897478650178563e-11
    57   1.247261432804238e-11
    58   8.564360593708030e-12
      P 3.5
         U 7
         P 7.5
         U 8
         P 8.5
CG solver start
snorm=0.0139822
  init:  6.395521334510600e+01
     0   3.781446413609206e+00
     1   1.337356033250773e+00
     2   8.814043525378289e-01
     3   2.451590647937802e-01
     4   1.232579128329353e-01
     5   8.841984720393531e-02
     6   3.699038376635985e-02
     7   2.379128849847476e-02
     8   1.683195577108959e-02
     9   8.859136012210850e-03
    10   6.751711900252858e-03
    11   4.720133815538722e-03
    12   2.788515090446819e-03
    13   2.233390412452900e-03
    14   1.441936092901436e-03
    15   8.797326410793378e-04
    16   6.525542681684413e-04
    17   3.880714794280071e-04
    18   2.534401400701591e-04
    19   1.833841020168186e-04
    20   9.857027832050678e-05
    21   6.276802392385798e-05
    22   4.018640293078680e-05
    23   2.278025614945718e-05
    24   1.602101137526183e-05
    25   1.032038277704054e-05
    26   6.183412025308022e-06
    27   4.289176919706251e-06
    28   2.676593467703263e-06
    29   1.799400002885854e-06
    30   1.310794153809855e-06
    31   8.188665992008210e-07
    32   5.438149946142995e-07
    33   3.549100502924446e-07
    34   2.033083717517479e-07
    35   1.329131703987002e-07
    36   8.472993499952225e-08
    37   5.118023715497876e-08
    38   3.495343542178252e-08
    39   2.235181381735612e-08
    40   1.411331120861597e-08
    41   9.920780141772959e-09
    42   5.925644658500869e-09
    43   3.822328850774383e-09
    44   2.546136471309743e-09
    45   1.519324455095186e-09
    46   9.638433178080644e-10
    47   6.128632395007084e-10
    48   3.743313556444883e-10
    49   2.409503108958955e-10
    50   1.552774110568979e-10
    51   9.978696892620543e-11
    52   7.630857236517428e-11
    53   5.463074114309324e-11
    54   3.798567358774867e-11
    55   2.852989616318655e-11
    56   1.817317575503914e-11
    57   1.204865789258993e-11
    58   8.167779060765266e-12
      P 4.5
CG solver start
snorm=0.0143108
  init:  3.777562800625121e+01
     0   2.301858822402751e+00
     1   9.347850133629880e-01
     2   3.806251345108608e-01
     3   9.304639334954391e-02
     4   5.439299231797402e-02
     5   2.207520542068915e-02
     6   9.681535633187521e-03
     7   6.105429084505486e-03
     8   2.548304290860536e-03
     9   1.374824278445996e-03
    10   6.713219670677268e-04
    11   2.842670382012386e-04
    12   1.581556021642118e-04
    13   6.551310701285049e-05
    14   2.998622321265904e-05
    15   1.498297623520793e-05
    16   5.937533066221047e-06
    17   2.931171660763130e-06
    18   1.270553867333847e-06
    19   5.243994534413415e-07
    20   2.780736062700326e-07
    21   1.198186850389473e-07
    22   5.778341949148244e-08
    23   2.661513957520313e-08
    24   1.092923409705168e-08
    25   5.457422181858747e-09
    26   2.374541999885861e-09
    27   1.064565846070951e-09
    28   4.966243528341543e-10
    29   2.060327831026583e-10
    30   1.042511185901839e-10
    31   4.904720873889948e-11
    32   2.274067355388321e-11
    33   1.233878676108295e-11
    34   5.736493672787745e-12
   P 2.5
MDstep = 2
         U 9
         P 9.5
         U 10
         P 10.5
CG solver start
snorm=0.0139822
  init:  6.417519819778890e+01
     0   3.759903456905174e+00
     1   1.323442623910678e+00
     2   8.722138402939080e-01
     3   2.446087121892116e-01
     4   1.219240126396894e-01
     5   8.748937676815488e-02
     6   3.666333641194001e-02
     7   2.358335336910312e-02
     8   1.648829707352049e-02
     9   8.519178111787382e-03
    10   6.363619822370201e-03
    11   4.419494240011923e-03
    12   2.590987105701355e-03
    13   2.060206601461415e-03
    14   1.322868959776912e-03
    15   8.015208153900087e-04
    16   5.973263749126763e-04
    17   3.516354639770926e-04
    18   2.281632488199576e-04
    19   1.637971840540534e-04
    20   8.955652109768992e-05
    21   5.729628874195953e-05
    22   3.716102824080810e-05
    23   2.116317411015016e-05
    24   1.521979046682476e-05
    25   9.762528939690010e-06
    26   5.804168402437468e-06
    27   4.005714058546343e-06
    28   2.541700169686738e-06
    29   1.703828521168279e-06
    30   1.284188560920468e-06
    31   8.054273161018701e-07
    32   5.434499817421555e-07
    33   3.599324352391915e-07
    34   2.084852628443976e-07
    35   1.397260907592961e-07
    36   9.126478757259783e-08
    37   5.684200697988037e-08
    38   3.921773130409999e-08
    39   2.518465619643502e-08
    40   1.589396679002221e-08
    41   1.118336446891337e-08
    42   6.715740537462276e-09
    43   4.339891376122194e-09
    44   2.838795164963631e-09
    45   1.679536620810019e-09
    46   1.065934489806269e-09
    47   6.823468053809471e-10
    48   4.188964762851754e-10
    49   2.750761101078731e-10
    50   1.781629572776587e-10
    51   1.154214874313148e-10
    52   8.714932270303961e-11
    53   6.106620224645512e-11
    54   4.162321793358262e-11
    55   3.114670911173759e-11
    56   1.991493370778666e-11
    57   1.302483610458083e-11
    58   8.473245783848357e-12
      P 5.5
         U 11
         P 11.5
         U 12
         P 12
CG solver start
snorm=0.0139822
  init:  6.453081366945079e+01
     0   3.743731614869535e+00
     1   1.308609851561532e+00
     2   8.653516945896288e-01
     3   2.456757964158696e-01
     4   1.213544468080466e-01
     5   8.730278858034175e-02
     6   3.704327786478533e-02
     7   2.412638674898908e-02
     8   1.689716959847011e-02
     9   8.649017815441268e-03
    10   6.442779795534819e-03
    11   4.502314945720046e-03
    12   2.663200575903214e-03
    13   2.120342536605110e-03
    14   1.351672023764403e-03
    15   8.155205066155151e-04
    16   6.131230140440088e-04
    17   3.577664867833556e-04
    18   2.310915880874785e-04
    19   1.639697697713737e-04
    20   9.204740718764285e-05
    21   5.983497203590425e-05
    22   3.910780459962564e-05
    23   2.271380570798957e-05
    24   1.656101722621030e-05
    25   1.066568607500746e-05
    26   6.362856757387797e-06
    27   4.403764179631798e-06
    28   2.786547072236991e-06
    29   1.849701748234748e-06
    30   1.416275374459486e-06
    31   8.811971475348672e-07
    32   5.972765216534507e-07
    33   4.022253250131600e-07
    34   2.331833296644011e-07
    35   1.613327321108966e-07
    36   1.062769897006989e-07
    37   6.639884987212634e-08
    38   4.632414461813449e-08
    39   2.977096706306207e-08
    40   1.860573512136657e-08
    41   1.278647971566242e-08
    42   7.786296709247957e-09
    43   4.954273785492552e-09
    44   3.190780936420575e-09
    45   1.862053355136622e-09
    46   1.176896965719810e-09
    47   7.665925279075208e-10
    48   4.696937230062913e-10
    49   3.141642260258236e-10
    50   2.072205850080477e-10
    51   1.337094322354266e-10
    52   9.752602129221419e-11
    53   6.639983536358690e-11
    54   4.528606068448082e-11
    55   3.332306846797972e-11
    56   2.161594915847433e-11
    57   1.390985115588101e-11
    58   9.037358162238365e-12
      P 6
CG solver start
snorm=0.0141221
  init:  3.903726151703817e+01
     0   2.227771386157725e+00
     1   8.461542895800545e-01
     2   3.581673783447703e-01
     3   8.720201034485976e-02
     4   4.900489573394708e-02
     5   2.026723265604106e-02
     6   8.572701323591867e-03
     7   5.449849618258363e-03
     8   2.244738429206686e-03
     9   1.188698167252005e-03
    10   5.983221970334161e-04
    11   2.524920395059390e-04
    12   1.400738473698014e-04
    13   5.787883936567801e-05
    14   2.608647058611710e-05
    15   1.326447489621745e-05
    16   5.191925165856548e-06
    17   2.544210553654570e-06
    18   1.128768558851634e-06
    19   4.762602914751883e-07
    20   2.509854605740465e-07
    21   1.078597723503937e-07
    22   5.153919815161683e-08
    23   2.368414868130887e-08
    24   9.733088293560065e-09
    25   4.863704792612087e-09
    26   2.176582821134406e-09
    27   9.601677921488236e-10
    28   4.586934406523642e-10
    29   1.964888906520867e-10
    30   9.983643557138871e-11
    31   4.850901651842811e-11
    32   2.286667724339320e-11
    33   1.250323905263366e-11
    34   5.644195584079447e-12
   P 3
calc of H_after
P.norm()= 124.382
H_local=-15471
H_local=7735.49
H_kin = 7735.49
 id=0 lv=0
Action_Nf2_ratio::calc_H
CG solver start
snorm=0.0141221
  init:  3.903726151703817e+01
     0   2.227771386157725e+00
     1   8.461542895800545e-01
     2   3.581673783447703e-01
     3   8.720201034485976e-02
     4   4.900489573394708e-02
     5   2.026723265604106e-02
     6   8.572701323591867e-03
     7   5.449849618258363e-03
     8   2.244738429206686e-03
     9   1.188698167252005e-03
    10   5.983221970334161e-04
    11   2.524920395059390e-04
    12   1.400738473698014e-04
    13   5.787883936567801e-05
    14   2.608647058611710e-05
    15   1.326447489621745e-05
    16   5.191925165856548e-06
    17   2.544210553654570e-06
    18   1.128768558851634e-06
    19   4.762602914751883e-07
    20   2.509854605740465e-07
    21   1.078597723503937e-07
    22   5.153919815161683e-08
    23   2.368414868130887e-08
    24   9.733088293560065e-09
    25   4.863704792612087e-09
    26   2.176582821134406e-09
    27   9.601677921488236e-10
    28   4.586934406523642e-10
    29   1.964888906520867e-10
    30   9.983643557138871e-11
    31   4.850901651842811e-11
    32   2.286667724339320e-11
    33   1.250323905263366e-11
    34   5.644195584079447e-12
 id=0 lv=1
CG solver start
snorm=0.0139822
  init:  6.453081366945079e+01
     0   3.743731614869535e+00
     1   1.308609851561532e+00
     2   8.653516945896288e-01
     3   2.456757964158696e-01
     4   1.213544468080466e-01
     5   8.730278858034175e-02
     6   3.704327786478533e-02
     7   2.412638674898908e-02
     8   1.689716959847011e-02
     9   8.649017815441268e-03
    10   6.442779795534819e-03
    11   4.502314945720046e-03
    12   2.663200575903214e-03
    13   2.120342536605110e-03
    14   1.351672023764403e-03
    15   8.155205066155151e-04
    16   6.131230140440088e-04
    17   3.577664867833556e-04
    18   2.310915880874785e-04
    19   1.639697697713737e-04
    20   9.204740718764285e-05
    21   5.983497203590425e-05
    22   3.910780459962564e-05
    23   2.271380570798957e-05
    24   1.656101722621030e-05
    25   1.066568607500746e-05
    26   6.362856757387797e-06
    27   4.403764179631798e-06
    28   2.786547072236991e-06
    29   1.849701748234748e-06
    30   1.416275374459486e-06
    31   8.811971475348672e-07
    32   5.972765216534507e-07
    33   4.022253250131600e-07
    34   2.331833296644011e-07
    35   1.613327321108966e-07
    36   1.062769897006989e-07
    37   6.639884987212634e-08
    38   4.632414461813449e-08
    39   2.977096706306207e-08
    40   1.860573512136657e-08
    41   1.278647971566242e-08
    42   7.786296709247957e-09
    43   4.954273785492552e-09
    44   3.190780936420575e-09
    45   1.862053355136622e-09
    46   1.176896965719810e-09
    47   7.665925279075208e-10
    48   4.696937230062913e-10
    49   3.141642260258236e-10
    50   2.072205850080477e-10
    51   1.337094322354266e-10
    52   9.752602129221419e-11
    53   6.639983536358690e-11
    54   4.528606068448082e-11
    55   3.332306846797972e-11
    56   2.161594915847433e-11
    57   1.390985115588101e-11
    58   9.037358162238365e-12
 id=0 lv=2
ActionGaugeWilson::calc_H
plaq=0.604477
H_gauge= 7.290270834479117e+03
total H_after = 23216.1
accepted: dH= 1.19513692e+00 P_acc= 0.30266251 rn=0.19922409
4.64
